100002264_01 32 (1080,1920,1)
100002264_02 32 (1080,1920,1)
100002264_03 32 (1080,1920,1)
100002264_04 32 (1080,1920,1)
100002624_05 32 (1080,1920,1)
100002624_06 32 (1080,1920,1)
100002624_07 32 (1080,1920,1)
100002624_08 32 (1080,1920,1)
100002624_09 32 (1080,1920,1)
100002624_10 32 (1080,1920,1)
100280012_01 32 (1080,1920,1)
100280012_02 32 (1080,1920,1)
100280012_03 32 (1080,1920,1)
100280012_04 32 (1080,1920,1)
100280012_05 32 (1080,1920,1)
100280012_07 32 (1080,1920,1)
100280012_08 32 (1080,1920,1)
100280012_09 32 (1080,1920,1)
100280012_10 32 (1080,1920,1)
100280012_11 32 (1080,1920,1)
100280012_12 32 (1080,1920,1)
100280012_13 32 (1080,1920,1)
100280012_14 32 (1080,1920,1)
100280012_15 32 (1080,1920,1)
100280012_16 32 (1080,1920,1)
100457108_01 32 (1080,1920,1)
100457108_02 32 (1080,1920,1)
100483730_01 32 (1080,1920,1)
100483730_03 32 (1080,1920,1)
100483730_04 32 (1080,1920,1)
100483730_05 32 (1080,1920,1)
100483730_06 32 (1080,1920,1)
100483730_07 32 (1080,1920,1)
100494682_01 32 (1080,1920,1)
100494682_02 32 (1080,1920,1)
100494682_03 32 (1080,1920,1)
100509931_01 32 (1080,1920,1)
100509931_02 32 (1080,1920,1)
100509931_03 32 (1080,1920,1)
100626144_01 32 (1080,1920,1)
100626144_02 32 (1080,1920,1)
100626144_03 32 (1080,1920,1)
100626144_04 32 (1080,1920,1)
100626144_05 32 (1080,1920,1)
100626144_06 32 (1080,1920,1)
100626144_07 32 (1080,1920,1)
100626144_08 32 (1080,1920,1)
100626144_09 32 (1080,1920,1)
100626144_10 32 (1080,1920,1)
100626144_11 32 (1080,1920,1)
100626144_12 32 (1080,1920,1)
100626144_13 32 (1080,1920,1)
100626144_14 32 (1080,1920,1)
100626144_15 32 (1080,1920,1)
100626144_16 32 (1080,1920,1)
100626144_17 32 (1080,1920,1)
100626144_18 32 (1080,1920,1)
100626144_19 32 (1080,1920,1)
100626144_20 32 (1080,1920,1)
100626144_21 32 (1080,1920,1)
100626144_22 32 (1080,1920,1)
100626144_23 32 (1080,1920,1)
100626144_24 32 (1080,1920,1)
100626144_25 32 (1080,1920,1)
100626144_26 32 (1080,1920,1)
100626144_27 32 (1080,1920,1)
100626144_28 32 (1080,1920,1)
100626144_29 32 (1080,1920,1)
100626144_30 32 (1080,1920,1)
100626144_31 32 (1080,1920,1)
100626144_32 32 (1080,1920,1)
100626144_33 32 (1080,1920,1)
100626144_34 32 (1080,1920,1)
100626145_01 32 (1080,1920,1)
100626145_02 32 (1080,1920,1)
100626145_03 32 (1080,1920,1)
100626145_04 32 (1080,1920,1)
100626145_05 32 (1080,1920,1)
100626145_06 32 (1080,1920,1)
100626145_07 32 (1080,1920,1)
100626145_08 32 (1080,1920,1)
100626145_09 32 (1080,1920,1)
100626145_10 32 (1080,1920,1)
100626145_11 32 (1080,1920,1)
100626145_12 32 (1080,1920,1)
100626145_13 32 (1080,1920,1)
100642275_01 32 (1080,1920,1)
100642275_02 32 (1080,1920,1)
100642275_03 32 (1080,1920,1)
100642275_04 32 (1080,1920,1)
100642275_05 32 (1080,1920,1)
100642275_06 32 (1080,1920,1)
100642275_07 32 (1080,1920,1)
100642275_08 32 (1080,1920,1)
100642275_09 32 (1080,1920,1)
100642275_10 32 (1080,1920,1)
100642275_11 32 (1080,1920,1)
100642275_12 32 (1080,1920,1)
100642275_13 32 (1080,1920,1)
100642275_14 32 (1080,1920,1)
100642275_15 32 (1080,1920,1)
100642275_16 32 (1080,1920,1)
100642275_17 32 (1080,1920,1)
100642275_18 32 (1080,1920,1)
100642275_19 32 (1080,1920,1)
100642275_20 32 (1080,1920,1)
100642275_21 32 (1080,1920,1)
100642275_22 32 (1080,1920,1)
100642275_23 32 (1080,1920,1)
100642275_24 32 (1080,1920,1)
100642275_25 32 (1080,1920,1)
100642275_26 32 (1080,1920,1)
100642275_27 32 (1080,1920,1)
100642275_28 32 (1080,1920,1)
100642275_29 32 (1080,1920,1)
100642275_30 32 (1080,1920,1)
100642275_31 32 (1080,1920,1)
100642275_33 32 (1080,1920,1)
100642275_34 32 (1080,1920,1)
100642275_35 32 (1080,1920,1)
100642275_36 32 (1080,1920,1)
100642275_37 32 (1080,1920,1)
100642275_38 32 (1080,1920,1)
100642275_39 32 (1080,1920,1)
100642275_40 32 (1080,1920,1)
100642275_41 32 (1080,1920,1)
100777394_01 32 (1080,1920,1)
100777394_02 32 (1080,1920,1)
100777394_03 32 (1080,1920,1)
100777394_04 32 (1080,1920,1)
100777394_05 32 (1080,1920,1)
101057757_01 32 (1080,1920,1)
101057757_02 32 (1080,1920,1)
101057757_03 32 (1080,1920,1)
101057757_04 32 (1080,1920,1)
101057757_05 32 (1080,1920,1)
101057757_06 32 (1080,1920,1)
101057757_07 32 (1080,1920,1)
101057757_08 32 (1080,1920,1)
101057757_09 32 (1080,1920,1)
101057757_10 32 (1080,1920,1)
101057757_11 32 (1080,1920,1)
101057757_12 32 (1080,1920,1)
101057757_13 32 (1080,1920,1)
101057757_14 32 (1080,1920,1)
101094248_01 32 (1080,1920,1)
101094248_02 32 (1080,1920,1)
101094248_03 32 (1080,1920,1)
101094248_04 32 (1080,1920,1)
101094248_05 32 (1080,1920,1)
101094248_06 32 (1080,1920,1)
101094248_07 32 (1080,1920,1)
101094248_08 32 (1080,1920,1)
101094248_09 32 (1080,1920,1)
101094248_10 32 (1080,1920,1)
101094248_11 32 (1080,1920,1)
101094248_12 32 (1080,1920,1)
101094248_13 32 (1080,1920,1)
101094248_14 32 (1080,1920,1)
101094248_15 32 (1080,1920,1)
101094248_16 32 (1080,1920,1)
101094248_17 32 (1080,1920,1)
101094248_18 32 (1080,1920,1)
101094248_19 32 (1080,1920,1)
101094248_20 32 (1080,1920,1)
101094248_21 32 (1080,1920,1)
101094248_22 32 (1080,1920,1)
101094248_23 32 (1080,1920,1)
101094248_24 32 (1080,1920,1)
101094248_25 32 (1080,1920,1)
101250699_01 32 (1080,1920,1)
101250699_02 32 (1080,1920,1)
101250699_03 32 (1080,1920,1)
101250699_04 32 (1080,1920,1)
101250699_05 32 (1080,1920,1)
101250699_06 32 (1080,1920,1)
101250699_07 32 (1080,1920,1)
101250699_08 32 (1080,1920,1)
101250699_09 32 (1080,1920,1)
101250699_10 32 (1080,1920,1)
101250699_11 32 (1080,1920,1)
101250699_12 32 (1080,1920,1)
101250699_14 32 (1080,1920,1)
101250699_15 32 (1080,1920,1)
101250699_16 32 (1080,1920,1)
101250699_17 32 (1080,1920,1)
101250699_18 32 (1080,1920,1)
101250699_19 32 (1080,1920,1)
101250699_20 32 (1080,1920,1)
101250699_21 32 (1080,1920,1)
101250699_22 32 (1080,1920,1)
101250699_23 32 (1080,1920,1)
101250699_24 32 (1080,1920,1)
101250699_25 32 (1080,1920,1)
101250699_26 32 (1080,1920,1)
101250699_27 32 (1080,1920,1)
101250699_28 32 (1080,1920,1)
101250699_29 32 (1080,1920,1)
101250699_30 32 (1080,1920,1)
101250699_31 32 (1080,1920,1)
101250699_32 32 (1080,1920,1)
101250699_33 32 (1080,1920,1)
101250699_34 32 (1080,1920,1)
101250699_35 32 (1080,1920,1)
101250699_36 32 (1080,1920,1)
101250699_37 32 (1080,1920,1)
101355796_01 32 (1080,1920,1)
101355796_02 32 (1080,1920,1)
101355796_03 32 (1080,1920,1)
101355796_04 32 (1080,1920,1)
101355796_05 32 (1080,1920,1)
101355796_06 32 (1080,1920,1)
101355796_07 32 (1080,1920,1)
101355796_08 32 (1080,1920,1)
101355796_09 32 (1080,1920,1)
101355796_10 32 (1080,1920,1)
101355796_11 32 (1080,1920,1)
101355796_12 32 (1080,1920,1)
101355796_13 32 (1080,1920,1)
101355796_14 32 (1080,1920,1)
101355796_15 32 (1080,1920,1)
101355796_16 32 (1080,1920,1)
101355796_17 32 (1080,1920,1)
101355796_18 32 (1080,1920,1)
101355796_19 32 (1080,1920,1)
101355796_20 32 (1080,1920,1)
101355796_21 32 (1080,1920,1)
101355796_22 32 (1080,1920,1)
101355796_23 32 (1080,1920,1)
101355796_24 32 (1080,1920,1)
101355796_25 32 (1080,1920,1)
101355796_26 32 (1080,1920,1)
101355796_27 32 (1080,1920,1)
101355796_28 32 (1080,1920,1)
101355796_29 32 (1080,1920,1)
101355796_30 32 (1080,1920,1)
101355796_31 32 (1080,1920,1)
101355796_32 32 (1080,1920,1)
101410869_01 32 (1080,1920,1)
101410869_02 32 (1080,1920,1)
101410869_03 32 (1080,1920,1)
101410869_04 32 (1080,1920,1)
101410869_05 32 (1080,1920,1)
101410869_06 32 (1080,1920,1)
101410869_07 32 (1080,1920,1)
101410869_08 32 (1080,1920,1)
101410869_09 32 (1080,1920,1)
101410869_10 32 (1080,1920,1)
101890319_01 32 (1080,1920,1)
101890319_02 32 (1080,1920,1)
101890319_03 32 (1080,1920,1)
101890319_04 32 (1080,1920,1)
101890319_05 32 (1080,1920,1)
101890319_06 32 (1080,1920,1)
101890319_07 32 (1080,1920,1)
101890319_08 32 (1080,1920,1)
101890319_09 32 (1080,1920,1)
101890319_10 32 (1080,1920,1)
101905660_01 32 (1080,1920,1)
101905660_02 32 (1080,1920,1)
101905660_03 32 (1080,1920,1)
101905660_04 32 (1080,1920,1)
101905660_05 32 (1080,1920,1)
101905660_07 32 (1080,1920,1)
101905660_08 32 (1080,1920,1)
102040622_01 32 (1080,1920,1)
102040622_02 32 (1080,1920,1)
102040622_03 32 (1080,1920,1)
102040622_04 32 (1080,1920,1)
102040622_05 32 (1080,1920,1)
102040622_06 32 (1080,1920,1)
102040622_07 32 (1080,1920,1)
102040622_08 32 (1080,1920,1)
102040622_09 32 (1080,1920,1)
102040622_10 32 (1080,1920,1)
102040622_11 32 (1080,1920,1)
102040622_12 32 (1080,1920,1)
102149990_01 32 (1080,1920,1)
102149990_02 32 (1080,1920,1)
102149990_03 32 (1080,1920,1)
102149990_04 32 (1080,1920,1)
102149990_05 32 (1080,1920,1)
102149990_06 32 (1080,1920,1)
102149990_07 32 (1080,1920,1)
102149990_08 32 (1080,1920,1)
102149990_09 32 (1080,1920,1)
102149990_10 32 (1080,1920,1)
102149990_11 32 (1080,1920,1)
102149990_12 32 (1080,1920,1)
102149990_13 32 (1080,1920,1)
102149990_14 32 (1080,1920,1)
102149990_15 32 (1080,1920,1)
102149990_16 32 (1080,1920,1)
102149990_17 32 (1080,1920,1)
102149990_18 32 (1080,1920,1)
102149990_19 32 (1080,1920,1)
102149990_20 32 (1080,1920,1)
102227637_01 32 (1080,1920,1)
102227637_02 32 (1080,1920,1)
102227637_03 32 (1080,1920,1)
102227637_04 32 (1080,1920,1)
102227637_05 32 (1080,1920,1)
102227637_07 32 (1080,1920,1)
102227637_08 32 (1080,1920,1)
102227637_09 32 (1080,1920,1)
102227637_10 32 (1080,1920,1)
102252780_01 32 (1080,1920,1)
102252780_02 32 (1080,1920,1)
102252780_03 32 (1080,1920,1)
102252780_04 32 (1080,1920,1)
102252780_05 32 (1080,1920,1)
102252780_06 32 (1080,1920,1)
102252780_07 32 (1080,1920,1)
102252780_08 32 (1080,1920,1)
102470391_01 32 (1080,1920,1)
102470391_02 32 (1080,1920,1)
102470391_03 32 (1080,1920,1)
102470391_04 32 (1080,1920,1)
102470391_05 32 (1080,1920,1)
102470391_06 32 (1080,1920,1)
102470391_07 32 (1080,1920,1)
102470391_08 32 (1080,1920,1)
102470391_09 32 (1080,1920,1)
102470391_10 32 (1080,1920,1)
102470391_11 32 (1080,1920,1)
102504511_1 32 (1080,1920,1)
102504511_2 32 (1080,1920,1)
102504511_3 32 (1080,1920,1)
102504511_4 32 (1080,1920,1)
102504511_5 32 (1080,1920,1)
102504511_6 32 (1080,1920,1)
102776434_1 32 (1080,1920,1)
102776434_2 32 (1080,1920,1)
102776434_3 32 (1080,1920,1)
102776434_4 32 (1080,1920,1)
102776434_5 32 (1080,1920,1)
102797995_1 32 (1080,1920,1)
102797995_2 32 (1080,1920,1)
102797996_1 32 (1080,1920,1)
102832433 32 (1080,1920,1)
102832433_2 32 (1080,1920,1)
102946244_1 32 (1080,1920,1)
102946244_2 32 (1080,1920,1)
102946244_3 32 (1080,1920,1)
103021808 32 (1080,1920,1)
103021808_1 32 (1080,1920,1)
103021808_10 32 (1080,1920,1)
103021808_2 32 (1080,1920,1)
103021808_3 32 (1080,1920,1)
103021808_4 32 (1080,1920,1)
103021808_5 32 (1080,1920,1)
103021808_6 32 (1080,1920,1)
103021808_7 32 (1080,1920,1)
103021808_8 32 (1080,1920,1)
103021808_9 32 (1080,1920,1)
104460296_1 32 (1080,1920,1)
104460296_2 32 (1080,1920,1)
104460296_3 32 (1080,1920,1)
104460296_4 32 (1080,1920,1)
104460296_5 32 (1080,1920,1)
104460296_6 32 (1080,1920,1)
104460296_7 32 (1080,1920,1)
104460296_8 32 (1080,1920,1)
Aerial_R_01 32 (1080,1920,1)
Aerial_R_02 32 (1080,1920,1)
Aerial_R_03 32 (1080,1920,1)
Aerial_R_04 32 (1080,1920,1)
Aerial_R_05 32 (1080,1920,1)
Aspen_01 32 (1080,1920,1)
Aspen_02 32 (1080,1920,1)
Aspen_03 32 (1080,1920,1)
Aspen_04 32 (1080,1920,1)
Aspen_05 32 (1080,1920,1)
BallUnderWater_01 32 (1080,1920,1)
Bookcase_01 32 (1080,1920,1)
Box_01 32 (1080,1920,1)
Box_02 32 (1080,1920,1)
BoxingBags_01 32 (1080,1920,1)
BoxingBags_02 32 (1080,1920,1)
BricksL 32 (1080,1920,1)
BridgeRiver 32 (1080,1920,1)
BubblesPitcher_01 32 (1080,1920,1)
BubblesPitcher_02 32 (1080,1920,1)
CalmingWater 32 (1080,1920,1)
Cheetah_01 32 (1080,1920,1)
Cheetah_02 32 (1080,1920,1)
Crane_01 32 (1080,1920,1)
Crane_02 32 (1080,1920,1)
Diver2_01 32 (1080,1920,1)
Diver2_02 32 (1080,1920,1)
Diver2_03 32 (1080,1920,1)
Diver_01 32 (1080,1920,1)
Diver_02 32 (1080,1920,1)
Diver_fish_01 32 (1080,1920,1)
Diver_fish_02 32 (1080,1920,1)
FishAndRock_01 32 (1080,1920,1)
FishAndRock_02 32 (1080,1920,1)
FrontEndPart_01 32 (1080,1920,1)
FrontEndPart_02 32 (1080,1920,1)
GoosePark_01 32 (1080,1920,1)
GoosePark_02 32 (1080,1920,1)
Grass 32 (1080,1920,1)
HalftimeM_01 32 (1080,1920,1)
HalftimeM_02 32 (1080,1920,1)
HalftimeM_03 32 (1080,1920,1)
Hamster 32 (1080,1920,1)
Hamster_2 32 (1080,1920,1)
KineticFast 32 (1080,1920,1)
KineticFast_2 32 (1080,1920,1)
Lightreef 32 (1080,1920,1)
Lion_01 32 (1080,1920,1)
LiquidAssets 32 (1080,1920,1)
ManInFountain_01 32 (1080,1920,1)
ManInFountain_02 32 (1080,1920,1)
MartialArts_01 32 (1080,1920,1)
MartialArts_02 32 (1080,1920,1)
MartialArts_03 32 (1080,1920,1)
MesaWalk 32 (1080,1920,1)
MesaWalk_02 32 (1080,1920,1)
Music_01 32 (1080,1920,1)
Music_02 32 (1080,1920,1)
PowerDig_01 32 (1080,1920,1)
PowerDig_02 32 (1080,1920,1)
PowerDig_03 32 (1080,1920,1)
PowerDig_04 32 (1080,1920,1)
PowerDig_05 32 (1080,1920,1)
Quarter_01 32 (1080,1920,1)
Quarter_02 32 (1080,1920,1)
ScarletOak 32 (1080,1920,1)
ScarletOak_2 32 (1080,1920,1)
ScarletOak_3 32 (1080,1920,1)
ScoreNarrow 32 (1080,1920,1)
ShadowBox 32 (1080,1920,1)
SkateBump 32 (1080,1920,1)
SpeedBag 32 (1080,1920,1)
SpeedBag_2 32 (1080,1920,1)
TimeLapseL 32 (1080,1920,1)
Touchdown_1 32 (1080,1920,1)
Touchdown_2 32 (1080,1920,1)
Touchdown_3 32 (1080,1920,1)
Touchdown_4 32 (1080,1920,1)
Typing_1 32 (1080,1920,1)
Veer_1 32 (1080,1920,1)
Veer_2 32 (1080,1920,1)
Zoocuts 32 (1080,1920,1)
bbcrowdedplain_01 32 (1080,1920,1)
bbcrowdedplain_02 32 (1080,1920,1)
bbcrowdedplain_03 32 (1080,1920,1)
bbpoint 32 (1080,1920,1)
carpetcircle 32 (1080,1920,1)
city_fly_01 32 (1080,1920,1)
city_fly_02 32 (1080,1920,1)
cleveland_1 32 (1080,1920,1)
cleveland_2 32 (1080,1920,1)
cleveland_3 32 (1080,1920,1)
cleveland_4 32 (1080,1920,1)
cleveland_5 32 (1080,1920,1)
cleveland_6 32 (1080,1920,1)
cleveland_7 32 (1080,1920,1)
cleveland_8 32 (1080,1920,1)
cleveland_9 32 (1080,1920,1)
cloudszoom 32 (1080,1920,1)
costumesRun_01 32 (1080,1920,1)
costumesRun_02 32 (1080,1920,1)
costumesRun_03 32 (1080,1920,1)
costumesRun_04 32 (1080,1920,1)
costumesRun_05 32 (1080,1920,1)
costumesRun_06 32 (1080,1920,1)
costumesRun_07 32 (1080,1920,1)
family_01 32 (1080,1920,1)
family_02 32 (1080,1920,1)
fountain_01 32 (1080,1920,1)
fountain_02 32 (1080,1920,1)
gofootball 32 (1080,1920,1)
gofootball_2 32 (1080,1920,1)
gofootball_3 32 (1080,1920,1)
gofootball_4 32 (1080,1920,1)
horses_01 32 (1080,1920,1)
kickoff 32 (1080,1920,1)
lobsters_01 32 (1080,1920,1)
musikvid_01 32 (1080,1920,1)
ntia_bbscore_01 32 (1080,1920,1)
ntia_bbscore_02 32 (1080,1920,1)
ntia_bbscore_03 32 (1080,1920,1)
ntia_bbscore_04 32 (1080,1920,1)
ntia_bbscore_05 32 (1080,1920,1)
ntia_bbscore_06 32 (1080,1920,1)
ntia_bbscore_07 32 (1080,1920,1)
ntia_bluespruce1e_01 32 (1080,1920,1)
ntia_bluespruce1e_02 32 (1080,1920,1)
paintingTilt 32 (1080,1920,1)
parkplay 32 (1080,1920,1)
parkplay_2 32 (1080,1920,1)
peoplerun 32 (1080,1920,1)
peoplerun_2 32 (1080,1920,1)
peoplerun_3 32 (1080,1920,1)
redgolde 32 (1080,1920,1)
rockwater 32 (1080,1920,1)
runlnwood 32 (1080,1920,1)
runlnwood_2 32 (1080,1920,1)
rushfield 32 (1080,1920,1)
smokegun 32 (1080,1920,1)
sonya7_1 32 (1080,1920,1)
sonya7_10 32 (1080,1920,1)
sonya7_11 32 (1080,1920,1)
sonya7_12 32 (1080,1920,1)
sonya7_13 32 (1080,1920,1)
sonya7_14 32 (1080,1920,1)
sonya7_15 32 (1080,1920,1)
sonya7_16 32 (1080,1920,1)
sonya7_17 32 (1080,1920,1)
sonya7_18 32 (1080,1920,1)
sonya7_19 32 (1080,1920,1)
sonya7_2 32 (1080,1920,1)
sonya7_20 32 (1080,1920,1)
sonya7_21 32 (1080,1920,1)
sonya7_22 32 (1080,1920,1)
sonya7_23 32 (1080,1920,1)
sonya7_24 32 (1080,1920,1)
sonya7_25 32 (1080,1920,1)
sonya7_26 32 (1080,1920,1)
sonya7_27 32 (1080,1920,1)
sonya7_28 32 (1080,1920,1)
sonya7_29 32 (1080,1920,1)
sonya7_3 32 (1080,1920,1)
sonya7_30 32 (1080,1920,1)
sonya7_31 32 (1080,1920,1)
sonya7_32 32 (1080,1920,1)
sonya7_33 32 (1080,1920,1)
sonya7_34 32 (1080,1920,1)
sonya7_35 32 (1080,1920,1)
sonya7_36 32 (1080,1920,1)
sonya7_37 32 (1080,1920,1)
sonya7_38 32 (1080,1920,1)
sonya7_39 32 (1080,1920,1)
sonya7_4 32 (1080,1920,1)
sonya7_40 32 (1080,1920,1)
sonya7_41 32 (1080,1920,1)
sonya7_42 32 (1080,1920,1)
sonya7_43 32 (1080,1920,1)
sonya7_44 32 (1080,1920,1)
sonya7_45 32 (1080,1920,1)
sonya7_46 32 (1080,1920,1)
sonya7_47 32 (1080,1920,1)
sonya7_48 32 (1080,1920,1)
sonya7_49 32 (1080,1920,1)
sonya7_5 32 (1080,1920,1)
sonya7_50 32 (1080,1920,1)
sonya7_51 32 (1080,1920,1)
sonya7_52 32 (1080,1920,1)
sonya7_53 32 (1080,1920,1)
sonya7_54 32 (1080,1920,1)
sonya7_55 32 (1080,1920,1)
sonya7_56 32 (1080,1920,1)
sonya7_57 32 (1080,1920,1)
sonya7_58 32 (1080,1920,1)
sonya7_59 32 (1080,1920,1)
sonya7_6 32 (1080,1920,1)
sonya7_60 32 (1080,1920,1)
sonya7_7 32 (1080,1920,1)
sonya7_8 32 (1080,1920,1)
sonya7_9 32 (1080,1920,1)
svt1_1 32 (1080,1920,1)
svt2_1 32 (1080,1920,1)
svt3_1 32 (1080,1920,1)
svt4_1 32 (1080,1920,1)
svt4_2 32 (1080,1920,1)
svt5_1 32 (1080,1920,1)
svt5_2 32 (1080,1920,1)
svt7_1 32 (1080,1920,1)
svt7_2 32 (1080,1920,1)
svt7_3 32 (1080,1920,1)
svt7_4 32 (1080,1920,1)
svt9_1 32 (1080,1920,1)
svt9_2 32 (1080,1920,1)
svt9_3 32 (1080,1920,1)
svt9_4 32 (1080,1920,1)
svt9_5 32 (1080,1920,1)
svt9_6 32 (1080,1920,1)
tulip_01 32 (1080,1920,1)
tulip_02 32 (1080,1920,1)
tulip_3 32 (1080,1920,1)
tulip_4 32 (1080,1920,1)
tulip_5 32 (1080,1920,1)
tulip_6 32 (1080,1920,1)
underboat1_01 32 (1080,1920,1)
underboat1_02 32 (1080,1920,1)
underboat1_03 32 (1080,1920,1)
zoocuts_2 32 (1080,1920,1)
